{
"data":{"CRIM":506.000000,
"ZN":0.00632,
"INDUS":2.31,
"CHAS":0.0,
"NOX":0.538,
"RM":6.575,
"Age":65.2,
"DIS":4.0900,
"RAD":1.0,
"TAX":296.0,
"PTRATIO":15.3,
"B":396.90,
"LSTAT" :4.98}
}